0 0.187580 0.329661 0.028902 0.019539
0 0.186545 0.349203 0.027867 0.018745
0 0.488965 0.313909 0.026839 0.016752
0 0.487929 0.354188 0.020643 0.015152
0 0.489478 0.432548 0.027867 0.018745
0 0.486643 0.508712 0.021161 0.017945
0 0.483541 0.661645 0.023224 0.017545
0 0.485090 0.681585 0.021161 0.018345
0 0.484318 0.741003 0.021671 0.016745
0 0.483804 0.758945 0.019608 0.015952
0 0.483804 0.779285 0.024769 0.019939
0 0.482769 0.799424 0.019608 0.012364
0 0.182161 0.760939 0.027349 0.015952
0 0.181129 0.780082 0.026322 0.014358
0 0.181129 0.799624 0.031482 0.018339
0 0.183192 0.720467 0.030447 0.018739
0 0.183451 0.640909 0.020643 0.017552
0 0.182161 0.545600 0.028384 0.015952
0 0.185773 0.486782 0.025286 0.016352
0 0.186031 0.428961 0.028894 0.021933
1 0.188780 0.310233 0.024369 0.013570
1 0.187816 0.368636 0.027239 0.014679
1 0.187992 0.388300 0.030463 0.015230
1 0.187635 0.408379 0.024008 0.017170
1 0.185663 0.448533 0.025804 0.016061
1 0.186561 0.467642 0.024729 0.018279
1 0.185125 0.505164 0.023302 0.016339
1 0.185663 0.524688 0.028675 0.017727
1 0.184051 0.565397 0.031176 0.018273
1 0.185843 0.584921 0.026165 0.016339
1 0.182459 0.604170 0.029435 0.019939
1 0.183141 0.625097 0.024259 0.016788
1 0.183918 0.660409 0.027867 0.017945
1 0.183192 0.680270 0.026165 0.017170
1 0.182294 0.699794 0.025796 0.018000
1 0.181937 0.741609 0.028675 0.019109
1 0.483694 0.701315 0.025804 0.019382
1 0.484588 0.720424 0.025443 0.018279
1 0.484588 0.643021 0.020424 0.016891
1 0.487455 0.622942 0.022580 0.014952
1 0.487098 0.602867 0.023294 0.014679
1 0.487278 0.584312 0.023655 0.019667
1 0.486416 0.527694 0.022996 0.015691
1 0.487910 0.544655 0.028369 0.018230
1 0.485671 0.489267 0.023890 0.018230
1 0.488055 0.469076 0.029867 0.020309
1 0.487757 0.450152 0.023294 0.016618
1 0.488302 0.373185 0.018925 0.015655
1 0.489161 0.392442 0.027529 0.018279
1 0.487655 0.411552 0.024518 0.015285
1 0.488945 0.334621 0.024510 0.020273
0 0.486914 0.564742 0.023710 0.016745
