0 0.146192 0.337839 0.019098 0.013558
0 0.146192 0.366948 0.017027 0.012758
0 0.144643 0.393467 0.020125 0.013164
0 0.144129 0.408221 0.018063 0.014758
0 0.144125 0.422379 0.017035 0.014358
0 0.144129 0.435539 0.018063 0.012764
0 0.143094 0.449097 0.019098 0.013564
0 0.144643 0.477409 0.017035 0.010370
0 0.142576 0.506321 0.019098 0.012364
0 0.143353 0.519879 0.019616 0.012364
0 0.351843 0.483391 0.015482 0.010370
0 0.351584 0.495755 0.016000 0.011170
0 0.350553 0.508515 0.017027 0.012764
0 0.352357 0.522273 0.018580 0.013164
0 0.350812 0.535430 0.016510 0.011564
0 0.352380 0.457033 0.017922 0.013848
0 0.350412 0.442912 0.017561 0.012188
0 0.350949 0.401233 0.018635 0.014673
0 0.352918 0.374924 0.014698 0.014127
0 0.352204 0.346539 0.016847 0.012739
0 0.352741 0.333524 0.017200 0.013848
0 0.621902 0.332773 0.019616 0.013558
0 0.621165 0.348448 0.017624 0.012921
0 0.621169 0.360797 0.015827 0.013158
0 0.618627 0.413527 0.019718 0.012000
0 0.619525 0.428182 0.017922 0.012230
0 0.620118 0.468800 0.015529 0.012691
0 0.620569 0.535958 0.014627 0.011770
0 0.620420 0.576570 0.016729 0.012691
0 0.620718 0.631382 0.016133 0.012461
0 0.610780 0.714091 0.019788 0.014291
0 0.612071 0.729376 0.019780 0.013624
0 0.609702 0.742339 0.023655 0.014958
0 0.144169 0.661585 0.018063 0.012964
0 0.143094 0.605424 0.017639 0.014291
0 0.142878 0.589973 0.019780 0.014624
0 0.142878 0.563218 0.020643 0.013624
0 0.349745 0.564052 0.017216 0.013958
0 0.349718 0.577012 0.017239 0.012630
0 0.350380 0.589806 0.018486 0.016279
0 0.350380 0.617221 0.018486 0.014624
0 0.349949 0.645133 0.015914 0.011964
1 0.146706 0.380212 0.017208 0.011297
1 0.142404 0.464324 0.021075 0.012964
1 0.144557 0.492736 0.015906 0.012624
1 0.350984 0.470639 0.016776 0.011630
1 0.351196 0.428433 0.018925 0.012964
1 0.351196 0.414642 0.018925 0.011297
1 0.350984 0.387061 0.015914 0.011964
1 0.351843 0.361136 0.016769 0.013958
1 0.353133 0.319433 0.015914 0.011630
1 0.145204 0.311124 0.018063 0.011630
1 0.144125 0.352000 0.017631 0.014291
1 0.144125 0.534442 0.017631 0.010970
1 0.144341 0.548897 0.021498 0.014618
1 0.142835 0.575485 0.018486 0.011964
1 0.142404 0.619682 0.020212 0.012624
1 0.142620 0.631976 0.019780 0.014618
1 0.144557 0.648591 0.019357 0.014624
1 0.142192 0.675512 0.018063 0.013958
1 0.144341 0.697442 0.017200 0.015285
1 0.350553 0.660221 0.016776 0.013958
0 0.145416 0.326073 0.018580 0.012364
1 0.349478 0.672518 0.018063 0.013958
1 0.349478 0.685979 0.018925 0.011630
1 0.349690 0.632806 0.015051 0.014291
1 0.350980 0.604727 0.018494 0.014618
1 0.350122 0.550227 0.021937 0.013291
1 0.621490 0.318933 0.016769 0.011964
1 0.621055 0.374264 0.015051 0.015618
1 0.619769 0.387561 0.019349 0.011630
1 0.619980 0.401515 0.012902 0.010970
1 0.620843 0.441891 0.018925 0.011964
1 0.620627 0.456845 0.017631 0.013291
1 0.619980 0.482103 0.018063 0.014618
1 0.620196 0.495891 0.018494 0.013624
1 0.619553 0.508855 0.017208 0.014291
1 0.619337 0.522642 0.019349 0.011964
1 0.621275 0.549894 0.016337 0.014624
1 0.620627 0.564518 0.016769 0.013958
1 0.620627 0.589439 0.018494 0.014624
1 0.619980 0.603564 0.017200 0.014958
1 0.621918 0.617188 0.015914 0.014291
