1 0.218565 0.363379 0.022949 0.015230
1 0.218741 0.381379 0.019710 0.016891
1 0.218561 0.401455 0.025090 0.016618
1 0.217667 0.419315 0.022580 0.016339
1 0.219820 0.438148 0.021145 0.015230
1 0.216502 0.307833 0.024941 0.017279
1 0.500773 0.313485 0.023224 0.016618
1 0.500341 0.332427 0.019788 0.013958
1 0.501200 0.386927 0.021506 0.015285
1 0.503353 0.405536 0.024949 0.015945
1 0.502710 0.424312 0.026235 0.016285
1 0.501635 0.441097 0.023224 0.015952
1 0.502710 0.529324 0.020212 0.016285
1 0.502922 0.546936 0.017200 0.015618
1 0.501631 0.564715 0.025804 0.015285
1 0.501847 0.582991 0.023647 0.017279
1 0.505075 0.695482 0.025804 0.015618
1 0.503569 0.711930 0.022792 0.017945
1 0.218227 0.748488 0.024941 0.013958
1 0.217576 0.692658 0.022792 0.017279
1 0.216506 0.673548 0.023224 0.015618
1 0.217792 0.654439 0.023224 0.014624
1 0.218224 0.599112 0.018925 0.015618
1 0.218439 0.583327 0.022792 0.015952
0 0.218098 0.289988 0.023224 0.017612
0 0.219000 0.327673 0.024510 0.017612
0 0.218569 0.345288 0.023647 0.015618
0 0.217710 0.454618 0.027953 0.017612
0 0.218357 0.472564 0.023224 0.018279
0 0.220290 0.491839 0.022792 0.016952
0 0.218353 0.508455 0.022369 0.015624
0 0.219427 0.529224 0.021929 0.017285
0 0.220722 0.547003 0.023655 0.020273
0 0.218569 0.565115 0.024510 0.015952
0 0.217278 0.617621 0.024518 0.017279
0 0.218784 0.635400 0.027529 0.018279
0 0.220486 0.711833 0.024910 0.016285
0 0.218353 0.729942 0.022369 0.013958
0 0.502624 0.730939 0.023224 0.015952
0 0.504557 0.749718 0.022792 0.016285
0 0.503698 0.676276 0.020212 0.015618
0 0.503267 0.656833 0.023647 0.017279
0 0.501329 0.638724 0.023224 0.016285
0 0.501761 0.621109 0.023224 0.016945
0 0.500686 0.602830 0.021937 0.021600
0 0.501780 0.460270 0.023263 0.016952
0 0.501133 0.477715 0.022831 0.015285
0 0.503051 0.493667 0.021506 0.013952
0 0.503051 0.511945 0.022369 0.015285
0 0.501114 0.368715 0.021929 0.016618
0 0.500682 0.350436 0.022792 0.015952
0 0.498965 0.294442 0.021929 0.017612
