1 0.140227 0.481061 0.017318 0.011079
1 0.139333 0.523867 0.016125 0.013612
1 0.139333 0.538058 0.016722 0.014770
1 0.140227 0.453597 0.017914 0.015230
1 0.140827 0.424982 0.018518 0.016158
1 0.139478 0.410903 0.017624 0.016158
1 0.141573 0.369018 0.019412 0.010848
1 0.141718 0.355745 0.016125 0.012000
1 0.141420 0.342018 0.016722 0.012691
1 0.348984 0.319518 0.018518 0.014770
1 0.349431 0.348479 0.018220 0.014533
1 0.347341 0.361518 0.017020 0.014770
1 0.348086 0.388403 0.016125 0.015000
1 0.347490 0.429597 0.017318 0.013388
1 0.346745 0.443558 0.015231 0.011770
1 0.346741 0.469867 0.019412 0.011770
1 0.346059 0.522397 0.017420 0.014103
1 0.346267 0.537624 0.016596 0.015382
1 0.345749 0.550430 0.017631 0.012182
1 0.345537 0.563897 0.019702 0.012836
1 0.344400 0.577203 0.018667 0.012164
1 0.344400 0.632161 0.016173 0.012503
1 0.343776 0.645782 0.017420 0.015067
1 0.343467 0.659421 0.017631 0.012818
1 0.345024 0.687852 0.018251 0.016188
1 0.618890 0.577530 0.015553 0.014103
1 0.620133 0.550909 0.016800 0.013139
1 0.619408 0.536815 0.017420 0.011873
1 0.619094 0.510203 0.018047 0.012818
1 0.620337 0.442909 0.015137 0.012497
1 0.620651 0.428709 0.018667 0.012982
1 0.621169 0.415491 0.017208 0.010897
1 0.622102 0.361579 0.015765 0.013945
1 0.622412 0.346994 0.017216 0.013297
1 0.624490 0.333676 0.016384 0.013618
0 0.140996 0.313639 0.016675 0.013097
0 0.142239 0.327388 0.017169 0.012909
0 0.139749 0.384215 0.018667 0.012285
0 0.140494 0.397594 0.018667 0.012885
0 0.139502 0.439315 0.017169 0.013673
0 0.139749 0.467400 0.017663 0.011345
0 0.139875 0.494797 0.016424 0.013097
0 0.139376 0.509603 0.016918 0.013061
0 0.138753 0.551239 0.014682 0.010176
0 0.140000 0.565279 0.018165 0.013285
0 0.138878 0.607885 0.017914 0.013842
0 0.139125 0.663539 0.015929 0.014036
0 0.343827 0.673270 0.016675 0.010770
0 0.345569 0.617503 0.017663 0.014230
0 0.345443 0.604518 0.014933 0.012503
0 0.345196 0.590770 0.015427 0.012303
0 0.346565 0.508536 0.016173 0.011727
0 0.346937 0.496152 0.017420 0.010764
0 0.347059 0.484324 0.018667 0.012503
0 0.346937 0.456536 0.016918 0.012309
0 0.347310 0.414706 0.016675 0.011727
0 0.348431 0.401909 0.017914 0.012291
0 0.347184 0.374503 0.016925 0.012133
0 0.348059 0.332870 0.017671 0.013097
0 0.624557 0.319473 0.017914 0.015576
0 0.620949 0.373227 0.017176 0.011921
0 0.620451 0.388418 0.019161 0.014230
0 0.619953 0.402361 0.022149 0.013655
0 0.620325 0.457361 0.017420 0.013655
0 0.620576 0.471400 0.019412 0.014424
0 0.620576 0.483227 0.017420 0.011158
0 0.619455 0.495921 0.015176 0.013842
0 0.617341 0.523806 0.016424 0.011539
0 0.619329 0.565442 0.017922 0.012885
0 0.618337 0.592079 0.016424 0.014230
0 0.618871 0.605582 0.017914 0.014230
0 0.618835 0.619097 0.015427 0.012121
0 0.618584 0.632945 0.018424 0.012885
0 0.606514 0.714964 0.021655 0.014230
0 0.607263 0.728524 0.018667 0.012115
0 0.608008 0.743042 0.024141 0.017309
1 0.138624 0.578424 0.017216 0.013139
1 0.139137 0.593412 0.015765 0.013624
1 0.138812 0.621779 0.017969 0.013218
1 0.139071 0.636270 0.015380 0.013085
1 0.137859 0.650361 0.017804 0.011885
1 0.137255 0.677606 0.016596 0.014824
1 0.137773 0.698770 0.020392 0.013358
