1 0.159843 0.416506 0.015827 0.016382
1 0.161631 0.472239 0.015827 0.014770
1 0.162380 0.486212 0.017922 0.012206
1 0.360533 0.442009 0.015827 0.014770
1 0.359341 0.454815 0.021804 0.014079
1 0.360980 0.414555 0.014337 0.014745
1 0.361282 0.481930 0.018518 0.015691
1 0.362475 0.496239 0.017922 0.013848
1 0.363075 0.535585 0.016722 0.012697
1 0.364416 0.562933 0.017020 0.016618
1 0.364267 0.577815 0.016722 0.015000
1 0.364718 0.618342 0.018220 0.013848
1 0.164173 0.557879 0.017318 0.010158
1 0.163275 0.573085 0.019710 0.011079
1 0.164173 0.600433 0.017914 0.014539
1 0.164412 0.643497 0.015647 0.011491
1 0.166420 0.656700 0.016510 0.013958
1 0.167196 0.706755 0.019098 0.015933
1 0.364949 0.699400 0.019169 0.015964
1 0.362957 0.672379 0.017176 0.015000
1 0.363329 0.659976 0.017420 0.015576
1 0.359122 0.358415 0.014447 0.013558
1 0.359635 0.385730 0.016510 0.016345
1 0.161212 0.360809 0.018063 0.013558
1 0.159145 0.319136 0.018055 0.013958
1 0.160953 0.388721 0.018580 0.012764
1 0.163176 0.515700 0.013757 0.012624
1 0.164682 0.629848 0.018494 0.014291
1 0.617745 0.329103 0.017200 0.013624
1 0.617102 0.371973 0.017639 0.010964
1 0.617529 0.398558 0.018494 0.012958
1 0.618608 0.425806 0.018063 0.013624
1 0.617835 0.439700 0.016345 0.011630
1 0.618047 0.494197 0.018494 0.012964
1 0.618694 0.521782 0.017200 0.012958
1 0.619984 0.575618 0.014620 0.013624
1 0.619984 0.589239 0.013757 0.014952
1 0.621059 0.617488 0.014196 0.014285
1 0.621271 0.646564 0.019780 0.015285
0 0.160639 0.333212 0.019098 0.012764
0 0.159867 0.346570 0.016518 0.012364
0 0.161416 0.375282 0.018580 0.014758
0 0.160125 0.401603 0.017035 0.013958
0 0.160902 0.430515 0.015482 0.012764
0 0.162706 0.445867 0.022196 0.013164
0 0.160898 0.458227 0.018580 0.013158
0 0.162447 0.501697 0.015482 0.012364
0 0.162188 0.528015 0.017035 0.013158
0 0.164769 0.542573 0.016000 0.013558
0 0.164510 0.585839 0.019608 0.013958
0 0.165008 0.614673 0.016133 0.016848
0 0.165902 0.670982 0.017325 0.013152
0 0.165902 0.684942 0.018518 0.012927
0 0.364804 0.686788 0.016729 0.010618
0 0.364357 0.646288 0.017624 0.014079
0 0.364059 0.632558 0.017027 0.013842
0 0.363612 0.604518 0.019114 0.012697
0 0.362416 0.590442 0.017318 0.012230
0 0.363012 0.548788 0.017914 0.011079
0 0.362118 0.521555 0.017914 0.011073
0 0.361969 0.507364 0.017020 0.010848
0 0.360325 0.469167 0.016729 0.014309
0 0.360773 0.428088 0.016431 0.014770
0 0.361820 0.400742 0.016722 0.015000
0 0.360176 0.371667 0.016431 0.013612
0 0.358835 0.331048 0.019114 0.012230
0 0.360925 0.344664 0.016125 0.015000
0 0.618510 0.343742 0.015827 0.011764
0 0.616122 0.358052 0.018816 0.014079
0 0.616420 0.386206 0.018816 0.011770
0 0.617165 0.412515 0.019710 0.012230
0 0.617910 0.453127 0.018220 0.011309
0 0.618506 0.468361 0.020008 0.013158
0 0.617314 0.482094 0.019412 0.014309
0 0.617314 0.507245 0.017624 0.014309
0 0.620004 0.535055 0.018816 0.012691
0 0.619267 0.549364 0.016102 0.013612
0 0.619553 0.562976 0.018510 0.011770
0 0.620596 0.603133 0.016424 0.015467
0 0.620600 0.632327 0.017027 0.015697
0 0.613137 0.726848 0.020784 0.014121
0 0.612424 0.740139 0.020784 0.015782
0 0.612961 0.755648 0.020431 0.011903
