0 0.236482 0.424170 0.020949 0.012182
0 0.238910 0.375379 0.021365 0.012515
0 0.238125 0.488664 0.023153 0.011352
0 0.237263 0.501015 0.021427 0.011485
0 0.238475 0.524988 0.023506 0.009479
0 0.236773 0.536803 0.022816 0.011861
0 0.235945 0.586564 0.019498 0.011697
0 0.236255 0.599464 0.022612 0.012176
0 0.236255 0.623342 0.021357 0.012176
0 0.235945 0.660282 0.021569 0.011703
0 0.235529 0.671421 0.019906 0.010576
0 0.236569 0.684639 0.021153 0.012018
0 0.529012 0.674064 0.019937 0.014588
0 0.528992 0.686164 0.018251 0.011855
0 0.528682 0.662524 0.022604 0.011061
0 0.529306 0.638645 0.020525 0.011376
0 0.529722 0.602188 0.022188 0.012497
0 0.529718 0.590088 0.019702 0.012345
0 0.529620 0.554270 0.021153 0.012503
0 0.530447 0.540406 0.021976 0.011055
0 0.530447 0.529509 0.020737 0.011055
0 0.531482 0.518533 0.020737 0.011539
0 0.531071 0.495215 0.020322 0.011061
0 0.531588 0.430870 0.021357 0.011861
0 0.370235 0.428064 0.021365 0.011703
1 0.237165 0.463239 0.022220 0.012188
1 0.237808 0.476030 0.022580 0.010800
1 0.239063 0.512312 0.022941 0.013570
1 0.236733 0.549418 0.024729 0.013018
1 0.235835 0.561742 0.022933 0.010527
1 0.237627 0.573927 0.022220 0.013297
1 0.236192 0.611591 0.024369 0.011630
1 0.235765 0.636209 0.024722 0.011073
1 0.235765 0.647700 0.022573 0.011909
1 0.530173 0.614055 0.019357 0.010521
1 0.528380 0.625964 0.022941 0.011079
1 0.529278 0.650885 0.022573 0.011079
1 0.529459 0.577636 0.020784 0.012461
1 0.531071 0.566145 0.018988 0.012182
1 0.531251 0.505912 0.020071 0.011909
1 0.532145 0.480576 0.024008 0.012739
1 0.531251 0.467561 0.022220 0.011630
1 0.533122 0.393867 0.022698 0.011770
1 0.532675 0.380945 0.024784 0.012230
1 0.531780 0.368827 0.020612 0.011073
1 0.237910 0.362018 0.021200 0.013152
1 0.240149 0.387176 0.023890 0.013152
