0 0.519816 0.663397 0.024478 0.012661
0 0.220439 0.603939 0.023027 0.011055
0 0.225933 0.370148 0.025639 0.013848
0 0.219192 0.677179 0.020533 0.010733
0 0.218051 0.628861 0.021153 0.011855
1 0.225416 0.381818 0.021780 0.010255
1 0.224380 0.355776 0.023020 0.012339
1 0.526553 0.360264 0.023851 0.011061
1 0.527592 0.372764 0.023435 0.010739
1 0.525933 0.385827 0.025090 0.011218
1 0.522925 0.483424 0.020737 0.010255
1 0.522514 0.494961 0.021984 0.011861
1 0.522722 0.529018 0.021569 0.009455
1 0.521267 0.554982 0.021576 0.011697
1 0.521784 0.566358 0.021780 0.011382
1 0.520749 0.602897 0.022188 0.011055
1 0.519710 0.614597 0.022196 0.012661
1 0.520749 0.627179 0.021357 0.011861
1 0.518671 0.675336 0.020118 0.011703
1 0.218675 0.665239 0.022400 0.011376
1 0.218259 0.652821 0.020737 0.010576
1 0.219196 0.640882 0.022188 0.009133
0 0.219608 0.616361 0.021365 0.010261
1 0.220125 0.591679 0.021569 0.010739
1 0.220643 0.578300 0.020533 0.011218
1 0.220424 0.566991 0.021396 0.012042
1 0.222408 0.505618 0.021569 0.010097
1 0.222306 0.494242 0.022604 0.010097
1 0.221890 0.456339 0.022604 0.013139
0 0.221373 0.554964 0.024063 0.010097
0 0.220753 0.543282 0.021569 0.011218
0 0.221996 0.530621 0.024055 0.011218
0 0.221682 0.518439 0.023020 0.012503
0 0.221996 0.482385 0.022816 0.011218
0 0.222925 0.469318 0.023435 0.012661
0 0.222098 0.418039 0.023020 0.012018
0 0.356906 0.419561 0.023020 0.010576
0 0.525310 0.421403 0.022196 0.010418
0 0.524067 0.457221 0.022612 0.013461
0 0.523859 0.471164 0.020941 0.012182
0 0.522824 0.506742 0.023435 0.011218
0 0.522824 0.518439 0.022604 0.011218
0 0.521890 0.542482 0.020737 0.011218
0 0.520851 0.578379 0.019914 0.012176
0 0.521161 0.591279 0.021365 0.012339
0 0.518984 0.639358 0.020322 0.010739
0 0.518675 0.651294 0.019294 0.011218
