0 0.673616 0.282339 0.019718 0.011079
1 0.199953 0.290685 0.019169 0.013273
1 0.200325 0.305591 0.018424 0.012309
1 0.200824 0.337127 0.018416 0.011927
1 0.200576 0.353955 0.019412 0.013655
1 0.202937 0.402227 0.024635 0.014042
1 0.201820 0.484824 0.022902 0.018073
1 0.431655 0.461648 0.016173 0.012885
1 0.432404 0.477997 0.017671 0.011727
1 0.430906 0.494152 0.019161 0.014812
1 0.431031 0.508479 0.015427 0.013079
1 0.433149 0.523961 0.017169 0.011727
1 0.431278 0.555115 0.018416 0.013273
1 0.431408 0.586076 0.017671 0.012115
1 0.205004 0.813100 0.021396 0.013655
1 0.204008 0.829642 0.023388 0.015964
1 0.204133 0.733485 0.020659 0.014812
1 0.202890 0.717906 0.023647 0.016733
1 0.204133 0.639636 0.020157 0.012497
1 0.201396 0.623673 0.019169 0.014036
1 0.202392 0.591270 0.021647 0.016539
1 0.199031 0.257185 0.021404 0.013655
1 0.430855 0.266897 0.016675 0.013079
1 0.432725 0.285358 0.017420 0.011927
1 0.429863 0.302570 0.016682 0.012121
1 0.431729 0.371612 0.015427 0.014424
1 0.671894 0.465652 0.019914 0.014042
1 0.670522 0.490745 0.017671 0.012691
1 0.669529 0.543345 0.021161 0.014812
1 0.670525 0.559115 0.018165 0.011345
1 0.671024 0.435842 0.017169 0.011345
1 0.669906 0.422573 0.020408 0.011352
1 0.670898 0.394206 0.016431 0.011927
1 0.673886 0.317570 0.017922 0.014424
1 0.673635 0.301321 0.018910 0.012691
1 0.672890 0.264203 0.017420 0.012309
0 0.199212 0.272255 0.021498 0.013842
0 0.199361 0.320948 0.021200 0.015691
0 0.201451 0.370564 0.020016 0.011079
0 0.200851 0.386139 0.017624 0.012230
0 0.201898 0.417642 0.020910 0.013382
0 0.200851 0.430797 0.019412 0.012927
0 0.202047 0.447297 0.021208 0.011309
0 0.201600 0.497145 0.022102 0.012230
0 0.202200 0.513761 0.019710 0.013158
0 0.203243 0.530376 0.021796 0.013612
0 0.202047 0.545261 0.022996 0.012921
0 0.203243 0.608609 0.018816 0.013618
0 0.202792 0.656609 0.016722 0.013158
0 0.203243 0.671264 0.019412 0.014770
0 0.203243 0.751573 0.021200 0.016612
0 0.203094 0.797497 0.019710 0.013382
0 0.206675 0.844000 0.022698 0.012230
0 0.431263 0.817461 0.017914 0.011309
0 0.432157 0.805230 0.014933 0.011309
0 0.432008 0.791152 0.020016 0.009927
0 0.432161 0.776842 0.019114 0.012691
0 0.432608 0.763691 0.018220 0.011770
0 0.433949 0.750191 0.016133 0.014309
0 0.433651 0.736224 0.018518 0.011770
0 0.435741 0.695379 0.019718 0.015000
0 0.436788 0.679339 0.017624 0.012461
0 0.435890 0.662955 0.017616 0.015230
0 0.433055 0.645070 0.019710 0.015461
0 0.432157 0.617030 0.016722 0.011539
0 0.433800 0.601109 0.018816 0.012000
0 0.433051 0.570761 0.016722 0.009000
0 0.431110 0.539030 0.018220 0.012461
0 0.432157 0.445103 0.016722 0.013382
0 0.431710 0.407142 0.021804 0.012697
0 0.433949 0.389718 0.019114 0.012927
0 0.432008 0.353485 0.017020 0.012000
0 0.431561 0.339524 0.018510 0.014539
0 0.432012 0.320830 0.018816 0.013152
0 0.670631 0.577385 0.019114 0.013618
0 0.671212 0.592385 0.017890 0.010382
0 0.670035 0.607733 0.019710 0.012000
0 0.670631 0.621348 0.019710 0.013388
0 0.671227 0.635770 0.016729 0.010388
0 0.670031 0.476767 0.016722 0.009461
0 0.671075 0.452188 0.014635 0.012921
0 0.670482 0.408918 0.018816 0.010842
0 0.671525 0.380994 0.021498 0.010848
0 0.671078 0.369112 0.020008 0.009691
