1 0.200239 0.367842 0.019349 0.013624
1 0.198518 0.399745 0.020220 0.013624
1 0.201741 0.414036 0.020643 0.010303
1 0.199592 0.480997 0.020643 0.015945
1 0.198302 0.526858 0.022361 0.014624
1 0.200239 0.588003 0.021937 0.015291
1 0.198518 0.602461 0.019357 0.014291
1 0.199592 0.634197 0.017208 0.013958
1 0.198733 0.650976 0.021498 0.014291
1 0.199380 0.712288 0.022792 0.013958
1 0.202820 0.726412 0.024510 0.012958
1 0.201741 0.789221 0.019780 0.012297
1 0.419137 0.565073 0.013333 0.013297
1 0.418490 0.534000 0.018063 0.012958
1 0.419353 0.517058 0.018925 0.012309
1 0.419780 0.575539 0.020643 0.012958
1 0.420212 0.593652 0.015482 0.013958
1 0.418278 0.608109 0.020212 0.010970
1 0.421502 0.472191 0.018925 0.012964
1 0.419780 0.487309 0.018918 0.015952
0 0.200455 0.288755 0.020643 0.012297
0 0.200020 0.319824 0.018063 0.012630
0 0.199592 0.352721 0.020643 0.012630
0 0.200024 0.382300 0.016345 0.011303
0 0.199165 0.428161 0.018063 0.009970
0 0.200667 0.444276 0.017631 0.016285
0 0.198729 0.494788 0.020643 0.010970
0 0.198945 0.508909 0.020212 0.011964
0 0.198086 0.540815 0.019357 0.013291
0 0.200020 0.618742 0.018063 0.012297
0 0.200882 0.666597 0.023224 0.012297
0 0.199808 0.743527 0.021937 0.012630
0 0.201525 0.805336 0.021075 0.013958
0 0.201741 0.821785 0.021506 0.011630
0 0.204110 0.837076 0.018494 0.011630
0 0.417200 0.805170 0.016345 0.013624
0 0.416769 0.791548 0.016345 0.012297
0 0.416125 0.779085 0.017631 0.010630
0 0.417416 0.764794 0.020212 0.010630
0 0.416773 0.751170 0.018925 0.012630
0 0.417631 0.737545 0.021506 0.013297
0 0.417204 0.724585 0.018063 0.011303
0 0.418706 0.684873 0.021929 0.012291
0 0.418922 0.670085 0.021498 0.011964
0 0.418706 0.652970 0.019357 0.010970
0 0.418706 0.637682 0.020220 0.012297
0 0.419569 0.546297 0.017631 0.010303
0 0.418490 0.502100 0.018925 0.012297
0 0.421286 0.456406 0.018494 0.015285
0 0.422576 0.441118 0.018486 0.013291
0 0.423220 0.385121 0.018925 0.013624
0 0.423435 0.402239 0.018494 0.013291
0 0.422361 0.352224 0.017208 0.014958
0 0.421286 0.281606 0.021067 0.011964
0 0.659859 0.276882 0.016847 0.013848
0 0.660043 0.294055 0.022220 0.009418
0 0.657529 0.359964 0.019357 0.011079
0 0.657890 0.386270 0.017914 0.013291
0 0.658784 0.413964 0.021867 0.010521
0 0.658427 0.455088 0.022580 0.013012
0 0.658427 0.482227 0.016839 0.012467
0 0.658427 0.550627 0.018282 0.015230
0 0.659145 0.597570 0.020424 0.012182
0 0.657890 0.613352 0.018635 0.012739
0 0.656812 0.626924 0.017922 0.013291
1 0.659141 0.534706 0.019710 0.015509
1 0.657890 0.569600 0.022933 0.018279
1 0.657529 0.583585 0.020784 0.013570
1 0.657890 0.468936 0.018635 0.015230
1 0.658427 0.442627 0.019710 0.016891
1 0.658071 0.426839 0.018275 0.015230
1 0.658427 0.401915 0.022580 0.016339
1 0.658424 0.372979 0.021145 0.017170
1 0.658965 0.310809 0.020784 0.011909
1 0.661114 0.259021 0.018635 0.013012
0 0.200024 0.271636 0.016345 0.011297
1 0.198733 0.255521 0.019788 0.010970
1 0.423867 0.265324 0.018494 0.012624
1 0.422792 0.299221 0.015482 0.016612
1 0.420859 0.316833 0.020212 0.012624
1 0.422149 0.336439 0.018494 0.015945
1 0.421502 0.367842 0.016337 0.014291
1 0.199808 0.305203 0.020212 0.014624
1 0.199376 0.336936 0.021075 0.014952
