1 0.215302 0.370261 0.023639 0.014230
1 0.215796 0.396412 0.022149 0.012691
1 0.515071 0.374970 0.021404 0.012885
1 0.515071 0.387761 0.021404 0.013848
1 0.516690 0.399970 0.024141 0.012885
1 0.512208 0.472279 0.021655 0.011345
1 0.511337 0.486512 0.022894 0.011727
1 0.511584 0.498148 0.018918 0.012309
1 0.510592 0.533436 0.020902 0.011733
1 0.510839 0.591803 0.018918 0.010770
1 0.509345 0.616130 0.022894 0.011727
1 0.508349 0.638545 0.021404 0.010788
1 0.509471 0.661706 0.021655 0.010576
1 0.218169 0.643242 0.021498 0.011079
1 0.216525 0.619033 0.023592 0.010152
1 0.219510 0.667600 0.020008 0.010873
1 0.219365 0.691242 0.021506 0.011539
1 0.216973 0.594782 0.022102 0.012461
1 0.216824 0.545982 0.023592 0.009442
1 0.218467 0.533970 0.020306 0.010388
1 0.217718 0.521509 0.021804 0.011309
1 0.216227 0.509509 0.020612 0.011770
1 0.214733 0.472376 0.020008 0.012691
1 0.215031 0.432788 0.020008 0.010642
0 0.217020 0.383815 0.021145 0.013012
0 0.349263 0.434770 0.020424 0.010242
0 0.218094 0.486694 0.025443 0.013291
0 0.217200 0.498600 0.024376 0.011079
0 0.216663 0.558973 0.024008 0.009970
0 0.217918 0.569912 0.022941 0.011352
0 0.218275 0.582652 0.021506 0.011352
0 0.217380 0.607158 0.022573 0.012739
0 0.217200 0.631667 0.022933 0.011903
0 0.217737 0.654652 0.022580 0.010248
0 0.218455 0.678609 0.023294 0.009970
0 0.509278 0.672515 0.021506 0.010521
0 0.509459 0.684145 0.021867 0.011079
0 0.508741 0.650636 0.022580 0.011079
0 0.508922 0.626961 0.021498 0.010248
0 0.509639 0.602448 0.019357 0.012739
0 0.510894 0.579742 0.020424 0.011073
0 0.510533 0.568806 0.024016 0.010800
0 0.509635 0.556482 0.020071 0.011630
0 0.510714 0.544021 0.020063 0.009970
0 0.512863 0.509124 0.020784 0.010527
0 0.511251 0.522555 0.022580 0.010248
0 0.513757 0.436294 0.023294 0.012188
