0 0.532698 0.474864 0.019420 0.012115
0 0.234671 0.434670 0.021153 0.013655
0 0.370310 0.437361 0.019663 0.010964
0 0.235416 0.486303 0.022643 0.013079
0 0.235169 0.498133 0.022651 0.011345
0 0.235914 0.547076 0.022651 0.012697
0 0.235918 0.656309 0.023145 0.009612
0 0.236412 0.559482 0.021655 0.010964
0 0.237282 0.385245 0.023396 0.012503
0 0.235788 0.619964 0.021898 0.010000
0 0.235792 0.668521 0.021404 0.010582
0 0.527224 0.677079 0.021898 0.012303
0 0.527098 0.665061 0.022149 0.011733
0 0.527843 0.629867 0.022651 0.011733
0 0.528467 0.618327 0.021404 0.011733
0 0.529961 0.584097 0.023388 0.011733
0 0.530208 0.572173 0.021906 0.011352
0 0.531827 0.536212 0.024141 0.011345
0 0.531702 0.524288 0.022902 0.014042
0 0.532573 0.512461 0.021647 0.011539
0 0.534443 0.438033 0.021404 0.010382
1 0.236388 0.632288 0.021153 0.010576
1 0.235765 0.644097 0.018165 0.011539
1 0.236141 0.680061 0.022400 0.011152
1 0.235020 0.691888 0.022149 0.009812
1 0.236012 0.607558 0.019663 0.011152
1 0.235886 0.596212 0.019412 0.009612
1 0.236012 0.584576 0.019663 0.011345
1 0.236886 0.572942 0.022400 0.009618
1 0.237259 0.534864 0.021153 0.010770
1 0.237259 0.522748 0.021655 0.010382
1 0.236761 0.511115 0.024141 0.011345
1 0.235639 0.472648 0.022400 0.012885
1 0.536282 0.376685 0.022400 0.012885
1 0.536780 0.388803 0.023396 0.011352
1 0.535910 0.401015 0.021153 0.011921
1 0.532549 0.488418 0.023388 0.012885
1 0.532427 0.500633 0.025137 0.011158
1 0.530557 0.546209 0.021898 0.011921
1 0.530682 0.560345 0.020157 0.013273
1 0.530310 0.595442 0.026878 0.013079
1 0.528565 0.606691 0.020408 0.011345
1 0.528192 0.641600 0.023145 0.011539
1 0.528067 0.652945 0.020902 0.011539
1 0.527694 0.689291 0.022651 0.010764
1 0.235525 0.397864 0.019114 0.010612
1 0.237169 0.370864 0.023592 0.012927
