1 0.185020 0.316821 0.030463 0.020285
1 0.184867 0.335852 0.025984 0.020079
1 0.184867 0.376594 0.027176 0.016182
1 0.183973 0.396800 0.024196 0.018230
1 0.179941 0.415815 0.028071 0.020770
1 0.180988 0.435558 0.024188 0.017285
1 0.179788 0.535942 0.030165 0.021024
1 0.176882 0.554515 0.024729 0.016339
1 0.177239 0.575145 0.026165 0.018836
1 0.178137 0.615021 0.030816 0.017170
1 0.177961 0.651021 0.030463 0.017170
1 0.175902 0.736152 0.025137 0.021345
1 0.180702 0.455403 0.025420 0.017752
1 0.174459 0.692785 0.024729 0.016539
1 0.173227 0.775770 0.026251 0.017115
1 0.174298 0.796039 0.022102 0.014770
1 0.482800 0.713536 0.023890 0.015000
1 0.482502 0.694961 0.022698 0.015230
1 0.485192 0.616379 0.022698 0.015000
1 0.485937 0.560073 0.020612 0.017770
1 0.485490 0.541494 0.023294 0.016152
1 0.488925 0.465336 0.024784 0.015691
1 0.489820 0.427491 0.022400 0.017079
1 0.491463 0.409491 0.025686 0.017539
1 0.490569 0.371297 0.020306 0.015006
1 0.493702 0.312909 0.027184 0.018230
0 0.174235 0.756461 0.033145 0.022158
0 0.174565 0.713721 0.028078 0.017079
0 0.176953 0.816300 0.027475 0.020079
0 0.176059 0.633179 0.027475 0.016152
0 0.177106 0.671258 0.030761 0.015691
0 0.176208 0.595912 0.027773 0.020539
0 0.180537 0.513755 0.027475 0.021000
0 0.179792 0.497948 0.026580 0.020770
0 0.179494 0.476830 0.024792 0.023770
0 0.183306 0.357512 0.026627 0.018661
0 0.492012 0.331203 0.024761 0.018685
0 0.489243 0.349618 0.024133 0.018182
0 0.488980 0.389909 0.026008 0.014836
0 0.488980 0.447573 0.027247 0.020103
0 0.487125 0.483942 0.027255 0.019145
0 0.487435 0.502603 0.025396 0.016273
0 0.485886 0.521267 0.032196 0.017224
0 0.484831 0.577033 0.022400 0.014079
0 0.484384 0.596418 0.022102 0.016848
0 0.483937 0.637267 0.027780 0.018230
0 0.484533 0.654342 0.028376 0.015461
0 0.482443 0.675112 0.025984 0.015921
0 0.480949 0.733152 0.023592 0.017539
0 0.480204 0.753921 0.023294 0.016618
0 0.480204 0.771921 0.025678 0.016158
0 0.483486 0.793845 0.034047 0.020770
