1 0.423580 0.563070 0.020008 0.016382
0 0.425800 0.386200 0.022643 0.015576
0 0.424929 0.402164 0.019412 0.012497
0 0.423063 0.349179 0.017671 0.012309
0 0.421690 0.316967 0.015427 0.010964
0 0.421835 0.264015 0.019718 0.015788
0 0.420224 0.297936 0.022220 0.013848
0 0.193514 0.271991 0.018996 0.013291
0 0.194227 0.334991 0.020424 0.013012
0 0.194945 0.367670 0.018988 0.012467
0 0.196380 0.400070 0.020431 0.013570
0 0.194584 0.427900 0.019710 0.009970
0 0.195306 0.444518 0.019710 0.013848
0 0.195482 0.493394 0.019357 0.014121
0 0.194584 0.508212 0.022580 0.012182
0 0.196200 0.524412 0.020071 0.014121
0 0.194227 0.541027 0.020424 0.011352
0 0.196557 0.600567 0.022933 0.014127
0 0.195839 0.631582 0.019349 0.014121
0 0.196020 0.663709 0.026878 0.010800
0 0.197455 0.740418 0.020431 0.010242
0 0.199067 0.820309 0.020784 0.012739
0 0.199604 0.836094 0.025451 0.011630
0 0.424478 0.725888 0.020643 0.009970
0 0.424051 0.737688 0.018925 0.011630
0 0.426631 0.753306 0.016337 0.012297
0 0.422318 0.766591 0.020620 0.013606
0 0.427490 0.780897 0.019780 0.010279
0 0.423620 0.793848 0.018063 0.014958
0 0.424694 0.807970 0.018486 0.011964
0 0.425957 0.637955 0.020792 0.015509
0 0.423988 0.653045 0.017561 0.014673
0 0.426314 0.668555 0.025082 0.011352
0 0.425776 0.685724 0.018282 0.013012
0 0.423090 0.548645 0.019357 0.015230
0 0.425059 0.518458 0.018996 0.012467
0 0.422843 0.440130 0.015051 0.012964
0 0.424576 0.456627 0.019663 0.016345
0 0.423208 0.472685 0.020408 0.012691
0 0.423957 0.486821 0.018910 0.012115
0 0.666361 0.274948 0.019655 0.014612
0 0.665118 0.374567 0.019161 0.013073
0 0.664992 0.431876 0.016918 0.012697
0 0.664620 0.456970 0.017176 0.011345
0 0.665494 0.537742 0.019412 0.012115
0 0.665737 0.599764 0.019914 0.013079
0 0.666376 0.613800 0.017208 0.011539
0 0.664369 0.628515 0.022651 0.011733
1 0.191173 0.256588 0.021059 0.011006
1 0.193471 0.289600 0.020902 0.011770
1 0.192576 0.303448 0.019710 0.013612
1 0.192573 0.319948 0.017914 0.014770
1 0.193616 0.351567 0.022996 0.012927
1 0.194663 0.383297 0.018518 0.010848
1 0.196008 0.413412 0.027184 0.012921
1 0.192875 0.480221 0.025686 0.015461
1 0.195561 0.586033 0.023294 0.012927
1 0.194812 0.617303 0.017624 0.012230
1 0.196459 0.648458 0.018518 0.016382
1 0.196008 0.708458 0.024188 0.014539
1 0.198549 0.724152 0.022698 0.014073
1 0.198396 0.787961 0.024792 0.013848
1 0.198996 0.804230 0.024784 0.013612
1 0.422682 0.579570 0.018212 0.012921
1 0.425071 0.593879 0.025984 0.012461
1 0.423431 0.607264 0.020306 0.011073
1 0.424325 0.533648 0.017325 0.016618
1 0.424475 0.504800 0.017027 0.016618
1 0.422980 0.368067 0.017616 0.012691
1 0.422533 0.336797 0.021506 0.014770
1 0.422384 0.281064 0.021208 0.014079
1 0.665937 0.555764 0.020408 0.019042
1 0.665314 0.569127 0.019663 0.014230
1 0.665839 0.584436 0.020902 0.013467
1 0.663851 0.483282 0.020408 0.011921
1 0.663455 0.470491 0.019129 0.012497
1 0.663973 0.444433 0.022643 0.015388
1 0.667157 0.417106 0.020902 0.009921
1 0.667216 0.292509 0.020784 0.012461
1 0.667075 0.309706 0.014698 0.015230
1 0.666180 0.257782 0.019357 0.011079
