1 0.617663 0.498709 0.018165 0.014424
0 0.332329 0.517864 0.017176 0.014042
0 0.332953 0.504018 0.015929 0.012885
0 0.334196 0.448824 0.017914 0.012885
0 0.334694 0.433727 0.019412 0.013467
0 0.334694 0.421033 0.017922 0.015388
0 0.337929 0.392285 0.016925 0.015576
0 0.336933 0.378148 0.018918 0.012309
0 0.603765 0.769021 0.023890 0.013618
0 0.605259 0.753788 0.026878 0.012230
0 0.604510 0.739136 0.024784 0.015691
1 0.117925 0.349570 0.019663 0.014618
1 0.119043 0.364285 0.017914 0.014424
1 0.117800 0.393130 0.020902 0.013655
1 0.117675 0.423803 0.020165 0.015000
1 0.117302 0.452552 0.018918 0.012885
1 0.117675 0.467458 0.018173 0.015388
1 0.116553 0.495727 0.017922 0.014230
1 0.116678 0.541115 0.019161 0.015382
1 0.115808 0.554576 0.017922 0.012691
1 0.114933 0.641791 0.018667 0.013267
1 0.114690 0.655445 0.018667 0.013267
1 0.114439 0.669676 0.018667 0.014042
1 0.113694 0.682942 0.018667 0.015194
1 0.113569 0.732945 0.019906 0.015188
1 0.328224 0.710348 0.021153 0.016927
1 0.327600 0.696309 0.019906 0.012691
1 0.327227 0.681982 0.020165 0.012497
1 0.326980 0.667945 0.016675 0.012497
1 0.327847 0.641791 0.017420 0.012503
1 0.329345 0.628039 0.017420 0.010770
1 0.328718 0.614000 0.019161 0.013842
1 0.331333 0.558612 0.018918 0.014230
1 0.330961 0.544094 0.018173 0.011727
1 0.332827 0.531115 0.017922 0.010000
1 0.333325 0.489285 0.018416 0.011345
1 0.334945 0.476785 0.017671 0.013655
1 0.333573 0.461882 0.016431 0.011921
1 0.336310 0.406112 0.016918 0.011158
1 0.336184 0.363706 0.019663 0.011727
1 0.336435 0.350148 0.019663 0.013461
1 0.623137 0.346206 0.018165 0.013273
1 0.621773 0.359861 0.021898 0.011733
1 0.620776 0.372745 0.018918 0.014812
1 0.620529 0.387264 0.019412 0.013461
1 0.619157 0.484864 0.018173 0.014042
1 0.617788 0.553615 0.019420 0.015000
1 0.617788 0.566979 0.016925 0.012115
1 0.616541 0.595442 0.018416 0.013273
1 0.617416 0.609961 0.020165 0.012309
1 0.617165 0.653039 0.017671 0.011921
1 0.617169 0.639482 0.018667 0.013267
0 0.617043 0.624194 0.018416 0.014230
0 0.616914 0.581500 0.017671 0.012697
0 0.616545 0.539094 0.017922 0.011727
0 0.617412 0.526209 0.016675 0.011727
0 0.618286 0.511885 0.015427 0.012691
0 0.618286 0.472170 0.015427 0.012497
0 0.618286 0.456209 0.016918 0.013655
0 0.618039 0.442555 0.018416 0.011727
0 0.618412 0.430148 0.017671 0.012309
0 0.619780 0.415727 0.016925 0.013079
0 0.619906 0.401976 0.018165 0.011345
0 0.623761 0.333418 0.018910 0.014230
0 0.338051 0.335724 0.017420 0.013848
0 0.119043 0.334764 0.016925 0.013079
0 0.118173 0.377455 0.018165 0.011152
0 0.118047 0.407652 0.018918 0.013461
0 0.116804 0.436879 0.017420 0.013079
0 0.117800 0.480921 0.019914 0.014230
0 0.115929 0.525633 0.020157 0.014806
0 0.116431 0.509285 0.020157 0.015964
0 0.113196 0.712100 0.019412 0.013655
0 0.113443 0.698155 0.018918 0.012309
0 0.114812 0.626906 0.021153 0.013655
0 0.114690 0.613248 0.020408 0.012885
0 0.115063 0.597867 0.019161 0.011345
0 0.116431 0.584403 0.018918 0.011727
0 0.115557 0.568633 0.019161 0.014806
0 0.328094 0.654888 0.016675 0.013848
0 0.328847 0.599885 0.020157 0.014618
0 0.330216 0.585367 0.017922 0.014806
0 0.331082 0.571230 0.016675 0.011539
