0 0.224890 0.288427 0.024259 0.013958
0 0.227475 0.308170 0.020125 0.019939
0 0.226698 0.326512 0.025804 0.015158
0 0.227212 0.346452 0.023741 0.014358
0 0.225149 0.362600 0.028902 0.016352
0 0.225149 0.381145 0.023741 0.016752
0 0.224373 0.400085 0.022188 0.016352
0 0.225149 0.454721 0.023741 0.015552
0 0.224631 0.473264 0.022706 0.014358
0 0.221796 0.546039 0.025286 0.017145
0 0.222051 0.564782 0.021671 0.015552
0 0.224118 0.582130 0.026839 0.015158
0 0.223561 0.599652 0.026322 0.017545
0 0.223859 0.616624 0.025286 0.016352
0 0.223600 0.636164 0.019608 0.016352
0 0.495310 0.621806 0.020125 0.016352
0 0.495569 0.603864 0.022714 0.017945
0 0.495310 0.531088 0.019090 0.013558
0 0.495569 0.513339 0.019608 0.016352
0 0.496082 0.443155 0.017545 0.014758
0 0.496341 0.426206 0.019098 0.015952
0 0.496345 0.408461 0.020125 0.020339
0 0.496859 0.389718 0.023224 0.015558
0 0.494361 0.659097 0.021208 0.016848
0 0.495855 0.676518 0.026580 0.015691
0 0.495851 0.715406 0.023592 0.019612
0 0.493910 0.732255 0.026878 0.017770
0 0.494357 0.749330 0.026580 0.020079
0 0.223482 0.710442 0.025380 0.018000
1 0.222918 0.417315 0.022996 0.016618
1 0.224259 0.436927 0.023890 0.018461
1 0.225004 0.491736 0.023592 0.020079
1 0.224259 0.509739 0.025082 0.019612
1 0.225306 0.525545 0.025388 0.018000
1 0.496490 0.479855 0.020588 0.017539
1 0.497227 0.461970 0.020902 0.016388
1 0.497078 0.496585 0.024792 0.014079
1 0.495882 0.548391 0.018808 0.014770
1 0.496776 0.566742 0.023592 0.014539
1 0.497078 0.585664 0.025388 0.016382
1 0.495435 0.639667 0.023890 0.016848
1 0.494835 0.695745 0.019114 0.012230
1 0.224408 0.731858 0.022996 0.015230
1 0.222620 0.748361 0.021804 0.015461
1 0.222765 0.692512 0.020306 0.015461
1 0.223216 0.673821 0.022996 0.013618
1 0.221573 0.654088 0.022094 0.014309
1 0.497137 0.299339 0.018510 0.012921
1 0.497435 0.318379 0.019106 0.014079
1 0.497310 0.336258 0.019686 0.013267
1 0.498169 0.355391 0.019412 0.013848
1 0.496318 0.371642 0.019678 0.014424
