0 0.185533 0.431927 0.020306 0.009927
0 0.419020 0.402933 0.018588 0.010909
1 0.672741 0.256282 0.018173 0.013655
1 0.672243 0.293300 0.019169 0.014236
1 0.672118 0.311764 0.020408 0.014230
1 0.669753 0.362245 0.019161 0.011727
1 0.670004 0.374842 0.019663 0.012691
1 0.670004 0.416958 0.021153 0.015770
1 0.670004 0.431282 0.019663 0.012115
1 0.669255 0.472245 0.019655 0.012503
1 0.668384 0.541097 0.021396 0.015576
1 0.669008 0.591673 0.019663 0.014036
1 0.670004 0.574942 0.025137 0.014806
1 0.180616 0.819370 0.025137 0.012885
1 0.178996 0.804082 0.022400 0.016927
1 0.183475 0.727445 0.020408 0.012503
1 0.180490 0.713697 0.021906 0.013079
1 0.180114 0.590039 0.023145 0.015388
1 0.180365 0.653309 0.021153 0.013079
1 0.181482 0.637636 0.020408 0.012885
1 0.412314 0.613691 0.018667 0.013079
1 0.414929 0.582152 0.020902 0.012691
1 0.417294 0.551479 0.019169 0.012497
1 0.417169 0.505709 0.020910 0.015576
1 0.415302 0.489267 0.020659 0.016533
1 0.417667 0.474555 0.018910 0.014418
1 0.419286 0.369648 0.021647 0.015006
1 0.418910 0.352724 0.018416 0.011921
1 0.419659 0.318976 0.015427 0.014424
1 0.420529 0.283779 0.020651 0.017885
1 0.187216 0.260036 0.019498 0.013139
1 0.187424 0.292009 0.018251 0.013618
1 0.187627 0.307876 0.020322 0.013303
1 0.185969 0.323900 0.022400 0.014903
1 0.188043 0.371818 0.020322 0.014909
1 0.186282 0.403230 0.021365 0.012982
1 0.186278 0.418536 0.020949 0.011861
1 0.184000 0.483918 0.019702 0.014103
1 0.184208 0.529515 0.018455 0.012982
1 0.184557 0.514739 0.019702 0.012339
0 0.670302 0.634988 0.020306 0.012000
0 0.668957 0.619176 0.018808 0.012691
0 0.669855 0.606485 0.019412 0.012691
0 0.668063 0.556176 0.022400 0.013152
0 0.668357 0.486136 0.018816 0.014309
0 0.668659 0.459482 0.022400 0.011303
0 0.669702 0.446327 0.023294 0.015467
0 0.669557 0.402939 0.019412 0.012230
0 0.669408 0.389788 0.019114 0.014073
0 0.673435 0.276364 0.017020 0.011539
0 0.187071 0.386706 0.020118 0.011703
0 0.186757 0.354736 0.019082 0.011861
0 0.187796 0.339191 0.015765 0.011861
0 0.187690 0.275488 0.015553 0.013303
0 0.420718 0.265309 0.019412 0.013152
0 0.418329 0.300039 0.017616 0.011073
0 0.418792 0.335233 0.017945 0.010382
0 0.420271 0.387503 0.019710 0.015697
0 0.417286 0.443003 0.017318 0.014079
0 0.417584 0.456964 0.017318 0.012000
0 0.415792 0.520082 0.019710 0.014079
0 0.416835 0.536006 0.018220 0.012691
0 0.415941 0.566930 0.021200 0.012697
0 0.414298 0.598315 0.021506 0.014073
0 0.413698 0.642161 0.020306 0.015000
0 0.414447 0.658894 0.020612 0.015230
0 0.414000 0.675164 0.022698 0.013612
0 0.414000 0.691664 0.017914 0.014309
0 0.410714 0.732742 0.021506 0.014770
0 0.409671 0.746473 0.020612 0.012691
0 0.411463 0.760318 0.017624 0.015000
0 0.411612 0.775088 0.021498 0.014079
0 0.410267 0.790667 0.016424 0.014303
0 0.409220 0.802088 0.018518 0.014539
0 0.410416 0.817091 0.022102 0.012230
0 0.179408 0.834167 0.019412 0.015000
0 0.180604 0.788012 0.018212 0.013612
0 0.180455 0.745433 0.020314 0.013848
0 0.179855 0.668355 0.019114 0.013848
0 0.182098 0.620009 0.020008 0.013618
0 0.180757 0.605239 0.018518 0.012236
0 0.180753 0.544545 0.022698 0.013612
0 0.184788 0.499197 0.018816 0.009230
0 0.184490 0.447852 0.018816 0.015461
