0 0.533986 0.515515 0.051108 0.020528
1 0.078312 0.434786 0.048218 0.022173
1 0.077042 0.729957 0.050759 0.019404
0 0.079578 0.461114 0.053291 0.019398
0 0.082749 0.488830 0.049488 0.023097
0 0.079578 0.514696 0.055831 0.023097
0 0.080213 0.541027 0.049480 0.020329
0 0.077673 0.568281 0.052020 0.017554
0 0.080213 0.593225 0.054561 0.021248
0 0.080213 0.621403 0.054561 0.022173
0 0.078943 0.647734 0.057101 0.017554
0 0.078943 0.675909 0.049480 0.022173
0 0.078883 0.702852 0.057272 0.019249
0 0.532660 0.730118 0.057272 0.021167
0 0.532221 0.758026 0.058150 0.019243
0 0.533546 0.704457 0.051986 0.016040
0 0.532225 0.677511 0.054629 0.019888
0 0.533981 0.650885 0.049344 0.020528
0 0.534425 0.624904 0.057272 0.019888
0 0.534425 0.595708 0.057272 0.023097
0 0.534437 0.569084 0.052012 0.021173
0 0.534425 0.544066 0.055516 0.019888
0 0.533542 0.489851 0.053751 0.023091
0 0.536641 0.461943 0.052890 0.018610
0 0.533986 0.436934 0.051108 0.019863
0 0.534084 0.374882 0.050997 0.018194
0 0.078734 0.374510 0.053035 0.016704
0 0.078990 0.309721 0.052523 0.018560
0 0.079233 0.756872 0.051986 0.018610
