0 0.085399 0.713664 0.045218 0.014481
1 0.079160 0.264320 0.043529 0.020723
1 0.550878 0.436597 0.043185 0.018306
1 0.550340 0.416743 0.043538 0.020370
1 0.551950 0.377034 0.043899 0.019338
1 0.549450 0.357826 0.043891 0.019077
1 0.550168 0.339393 0.044605 0.019854
1 0.549929 0.279645 0.046244 0.019678
1 0.549929 0.261451 0.043168 0.017450
0 0.549672 0.299693 0.043681 0.021160
0 0.549672 0.320483 0.042655 0.019678
0 0.551731 0.396597 0.044706 0.020419
0 0.551983 0.457113 0.043160 0.020419
0 0.551471 0.476421 0.045227 0.020419
0 0.551727 0.494614 0.041622 0.018191
0 0.551727 0.554019 0.042647 0.017450
0 0.552756 0.574250 0.044706 0.019308
0 0.553525 0.593373 0.046244 0.019678
0 0.553525 0.612307 0.044193 0.019672
0 0.553525 0.631612 0.044193 0.018937
0 0.553269 0.651475 0.045731 0.020049
0 0.555067 0.670968 0.041109 0.020419
0 0.554038 0.691017 0.044193 0.021160
0 0.556866 0.711439 0.044706 0.018191
0 0.556097 0.730929 0.043168 0.019308
0 0.085916 0.771770 0.047277 0.018561
0 0.087710 0.751721 0.042647 0.019302
0 0.087454 0.731858 0.042134 0.018191
0 0.085912 0.694174 0.045218 0.018561
0 0.086685 0.673940 0.042647 0.017450
0 0.085143 0.654262 0.042655 0.018931
0 0.085655 0.635325 0.042655 0.016709
0 0.083601 0.596527 0.043672 0.019308
0 0.084630 0.577963 0.043681 0.017080
0 0.084887 0.558843 0.042143 0.018937
0 0.083088 0.499068 0.041622 0.016703
0 0.083857 0.479019 0.041109 0.021160
0 0.084370 0.459156 0.042134 0.017826
0 0.084118 0.440962 0.045731 0.020795
0 0.081546 0.400680 0.046756 0.016709
0 0.082828 0.362253 0.044193 0.016333
0 0.080777 0.343133 0.044193 0.017450
0 0.082571 0.322711 0.043681 0.018197
0 0.081803 0.303218 0.039050 0.016333
0 0.079744 0.283913 0.044193 0.017080
1 0.084013 0.537271 0.043672 0.016339
1 0.082727 0.517407 0.042143 0.018191
1 0.081189 0.420507 0.038025 0.015962
1 0.082727 0.380962 0.042143 0.017080
1 0.554332 0.768449 0.046345 0.019872
1 0.554332 0.750364 0.045353 0.020947
1 0.084693 0.616485 0.043185 0.019854
1 0.551235 0.533928 0.051025 0.023206
1 0.553555 0.512784 0.049244 0.020115
