0 0.040263 0.708709 0.023224 0.013279
0 0.039734 0.722210 0.023013 0.014622
0 0.040684 0.736385 0.024912 0.014327
0 0.039522 0.750485 0.023860 0.014472
0 0.041001 0.764064 0.022172 0.014173
0 0.040578 0.778014 0.023019 0.014327
0 0.039946 0.792264 0.022589 0.015071
0 0.512979 0.769510 0.019849 0.013429
0 0.513297 0.783012 0.022166 0.015669
0 0.511712 0.755259 0.021960 0.013878
0 0.511298 0.740817 0.023055 0.013784
0 0.511803 0.728281 0.020520 0.011997
0 0.511298 0.715838 0.022547 0.016832
0 0.509522 0.702322 0.020520 0.014143
0 0.510789 0.688354 0.022039 0.014861
0 0.510284 0.661496 0.021028 0.014502
1 0.044211 0.317563 0.025904 0.013407
0 0.508890 0.594705 0.022801 0.013053
0 0.508255 0.534282 0.020526 0.013608
0 0.508255 0.520765 0.019510 0.012715
0 0.508113 0.482383 0.021307 0.014181
0 0.508427 0.496242 0.020678 0.012681
0 0.508276 0.509350 0.024017 0.013108
0 0.506301 0.435438 0.021894 0.013536
0 0.506603 0.423296 0.021894 0.012031
0 0.506909 0.409654 0.021887 0.013108
0 0.506301 0.397514 0.021894 0.014181
0 0.505995 0.383976 0.021283 0.015041
0 0.506301 0.372161 0.021894 0.013754
1 0.044483 0.453422 0.022807 0.012676
0 0.504477 0.358194 0.021887 0.014181
0 0.505082 0.346272 0.018851 0.013536
0 0.506452 0.333700 0.022801 0.013754
0 0.505844 0.320485 0.022807 0.014395
0 0.505236 0.307702 0.020369 0.014181
0 0.505387 0.294812 0.021894 0.012890
0 0.504322 0.282133 0.022196 0.013322
0 0.505387 0.268170 0.021894 0.013322
0 0.504171 0.254203 0.021276 0.015041
1 0.042750 0.173773 0.024083 0.014438
0 0.505387 0.240451 0.020672 0.013754
0 0.505082 0.225842 0.021283 0.014181
0 0.505085 0.211122 0.020067 0.014395
0 0.505995 0.183407 0.019456 0.014827
0 0.505995 0.197373 0.019456 0.013968
0 0.044389 0.384987 0.022498 0.012249
1 0.041745 0.639812 0.022801 0.013322
1 0.510384 0.607604 0.020901 0.012086
1 0.510172 0.620810 0.020054 0.013130
1 0.510278 0.633566 0.019843 0.012381
1 0.510384 0.647219 0.020478 0.013728
1 0.509749 0.582388 0.020054 0.012386
1 0.045699 0.466742 0.024622 0.012245
1 0.042659 0.571593 0.022801 0.012676
1 0.040532 0.584805 0.023412 0.013322
1 0.044940 0.439241 0.024325 0.013968
1 0.044177 0.426026 0.025233 0.015900
1 0.044637 0.399062 0.024930 0.014395
1 0.043781 0.358228 0.022069 0.010248
0 0.042901 0.187740 0.022329 0.012993
0 0.043781 0.201355 0.021452 0.012997
0 0.042904 0.215124 0.024077 0.014540
0 0.042683 0.227963 0.022329 0.014848
0 0.043342 0.241732 0.025390 0.014545
0 0.043560 0.254570 0.024955 0.014853
0 0.043560 0.268029 0.020575 0.015160
0 0.043663 0.331873 0.020430 0.015212
0 0.043990 0.345487 0.022619 0.014438
0 0.043624 0.371659 0.021162 0.013151
0 0.045668 0.479690 0.021162 0.013925
0 0.046760 0.493613 0.024809 0.013920
0 0.047311 0.506761 0.022257 0.012890
0 0.044755 0.532159 0.021525 0.012116
0 0.043306 0.545049 0.024422 0.016246
0 0.041745 0.599010 0.022498 0.012890
0 0.041443 0.612330 0.023103 0.012031
0 0.040832 0.625652 0.022498 0.012458
0 0.041292 0.652939 0.019764 0.012890
0 0.040681 0.667377 0.023224 0.014472
0 0.040892 0.681774 0.023648 0.014622
0 0.040789 0.695577 0.025971 0.012685
