0 0.127147 0.456451 0.027368 0.015037
0 0.127524 0.473012 0.022095 0.010926
0 0.602195 0.286247 0.027126 0.013963
0 0.602320 0.303793 0.023359 0.013611
0 0.599935 0.320176 0.023108 0.015216
0 0.602195 0.337185 0.026623 0.014864
0 0.602195 0.354821 0.025117 0.014679
0 0.601442 0.390185 0.024113 0.014148
0 0.602195 0.405852 0.023610 0.013247
0 0.601190 0.422056 0.022104 0.013432
0 0.602069 0.458043 0.023861 0.014148
0 0.601693 0.559923 0.024113 0.014500
0 0.601944 0.541840 0.024113 0.013790
0 0.601567 0.526262 0.022857 0.013784
0 0.126771 0.541948 0.022597 0.013784
0 0.126394 0.525204 0.022346 0.013247
0 0.127900 0.507657 0.023351 0.013611
1 0.127372 0.284991 0.023870 0.013611
1 0.127156 0.301235 0.026035 0.014543
1 0.124987 0.318250 0.025177 0.013302
1 0.128238 0.335111 0.024736 0.014852
0 0.602571 0.251062 0.027377 0.013432
1 0.127372 0.353213 0.023870 0.017019
1 0.126931 0.386938 0.030831 0.014543
1 0.127749 0.490796 0.026043 0.014691
1 0.601307 0.507556 0.024225 0.015210
1 0.602935 0.491827 0.028208 0.012630
1 0.601420 0.474685 0.022788 0.015469
1 0.602212 0.440392 0.030381 0.016500
1 0.602935 0.371806 0.026043 0.016500
1 0.603117 0.269191 0.030736 0.013407
0 0.128688 0.251735 0.023143 0.013407
0 0.126879 0.269269 0.026762 0.012377
0 0.125892 0.370238 0.023351 0.011994
0 0.127022 0.404972 0.023100 0.012352
0 0.126771 0.421895 0.021593 0.012531
0 0.126645 0.438636 0.024355 0.013790
