0 0.301723 0.657173 0.021585 0.015065
0 0.303015 0.674192 0.021585 0.015071
0 0.305164 0.691207 0.021593 0.015071
0 0.303445 0.706988 0.021585 0.015065
0 0.302584 0.725861 0.021585 0.015065
0 0.303445 0.741331 0.021585 0.015071
0 0.031008 0.749065 0.021585 0.015071
0 0.032730 0.724313 0.021585 0.015065
0 0.031008 0.708533 0.021585 0.015071
0 0.031869 0.690588 0.021585 0.015071
0 0.032300 0.623759 0.021585 0.015071
0 0.030577 0.607672 0.021585 0.015071
0 0.031008 0.590653 0.021585 0.015065
0 0.032730 0.574254 0.021585 0.015071
0 0.031438 0.556000 0.021585 0.015071
0 0.030146 0.540533 0.021585 0.015071
0 0.032300 0.523824 0.021585 0.015065
0 0.031008 0.509901 0.021585 0.015071
0 0.031869 0.491337 0.021585 0.015071
0 0.030577 0.474632 0.021585 0.015071
0 0.030577 0.457610 0.021585 0.015071
0 0.030577 0.441833 0.021585 0.015071
0 0.029716 0.423579 0.021585 0.015071
0 0.032730 0.391399 0.021585 0.015071
0 0.030577 0.358607 0.021585 0.015071
0 0.032730 0.338805 0.021585 0.015071
0 0.031008 0.323950 0.021585 0.015071
0 0.032524 0.306650 0.021585 0.015071
1 0.670465 0.342517 0.028234 0.012786
1 0.670465 0.323644 0.028234 0.012786
1 0.303351 0.340969 0.028234 0.012786
1 0.030052 0.674811 0.028234 0.012793
1 0.030913 0.657793 0.028234 0.012786
1 0.030913 0.639539 0.028234 0.012786
1 0.030913 0.406870 0.028234 0.012786
1 0.030482 0.373765 0.028234 0.012793
1 0.033066 0.289300 0.028234 0.012793
0 0.657778 0.775176 0.021585 0.015071
0 0.668794 0.675495 0.021585 0.015065
0 0.670086 0.658480 0.021585 0.015065
0 0.656744 0.807474 0.021585 0.015071
0 0.657261 0.790768 0.021585 0.015071
0 0.670086 0.641152 0.021585 0.015071
0 0.671804 0.625065 0.021593 0.015071
0 0.670086 0.607121 0.021585 0.015071
0 0.669225 0.590102 0.021585 0.015065
0 0.670086 0.574322 0.021585 0.015071
0 0.669655 0.556068 0.021585 0.015071
0 0.671374 0.540910 0.021593 0.015071
0 0.668794 0.525437 0.021585 0.015071
0 0.669225 0.508421 0.021585 0.015071
0 0.669655 0.491096 0.021585 0.015071
0 0.670086 0.475625 0.021585 0.015065
0 0.669225 0.457368 0.021585 0.015071
0 0.670517 0.441901 0.021585 0.015071
0 0.670517 0.423957 0.021585 0.015071
0 0.669225 0.407251 0.021585 0.015071
0 0.670086 0.393015 0.021585 0.015071
0 0.670517 0.374762 0.021585 0.015071
0 0.669630 0.359529 0.021585 0.015071
0 0.669931 0.308180 0.021585 0.015071
0 0.671425 0.291848 0.021593 0.015065
0 0.301723 0.291158 0.021585 0.015071
0 0.303015 0.306625 0.021585 0.015071
0 0.303015 0.323641 0.021585 0.015071
0 0.306021 0.357678 0.021585 0.015071
0 0.303015 0.375932 0.021585 0.015071
0 0.303445 0.390783 0.021585 0.015065
0 0.303015 0.408108 0.021585 0.015065
0 0.304302 0.424508 0.021593 0.015071
0 0.303015 0.442142 0.021585 0.015071
0 0.303015 0.457300 0.021585 0.015071
0 0.303015 0.475867 0.021585 0.015065
0 0.303445 0.491957 0.021585 0.015071
0 0.302584 0.507734 0.021585 0.015071
0 0.304733 0.525059 0.021593 0.015071
0 0.303445 0.539913 0.021585 0.015071
0 0.303015 0.558477 0.021585 0.015071
0 0.302584 0.574254 0.021585 0.015071
0 0.303445 0.590653 0.021585 0.015065
0 0.303445 0.608601 0.021585 0.015071
0 0.305164 0.626235 0.021593 0.015071
0 0.303445 0.642012 0.021585 0.015071
