0 0.485633 0.683007 0.023919 0.020491
0 0.484982 0.660285 0.038137 0.019600
0 0.489196 0.638007 0.028462 0.017820
1 0.094833 0.793737 0.034446 0.020533
0 0.489095 0.261793 0.034903 0.019782
0 0.487544 0.461211 0.036459 0.015506
0 0.486384 0.437689 0.037232 0.022986
0 0.488322 0.395451 0.028699 0.018716
0 0.488866 0.614839 0.029086 0.016039
0 0.486380 0.416305 0.034130 0.019782
0 0.489482 0.374867 0.038787 0.021387
0 0.487157 0.349727 0.031028 0.017081
0 0.487544 0.329961 0.025598 0.018177
0 0.488317 0.307771 0.027144 0.020848
0 0.487931 0.283713 0.032575 0.020848
0 0.094574 0.812883 0.034262 0.020048
0 0.485953 0.771890 0.027144 0.020048
0 0.485633 0.750285 0.031670 0.019600
0 0.484011 0.725557 0.036195 0.019158
1 0.092043 0.613780 0.034438 0.018607
1 0.097623 0.463649 0.034438 0.021169
0 0.484982 0.595239 0.038137 0.019600
0 0.488216 0.571626 0.031670 0.016929
0 0.486924 0.548010 0.034253 0.016929
0 0.485953 0.527741 0.033612 0.018268
0 0.485628 0.504128 0.036845 0.019158
0 0.487250 0.482965 0.023269 0.015148
1 0.097623 0.482898 0.030712 0.014761
1 0.096696 0.505030 0.028858 0.023095
1 0.092504 0.525560 0.024200 0.015397
1 0.094833 0.548016 0.030721 0.021811
0 0.485303 0.704394 0.033612 0.016929
1 0.095760 0.572399 0.038163 0.019249
1 0.093906 0.592604 0.036301 0.018607
1 0.094723 0.260760 0.031274 0.018480
1 0.095281 0.283858 0.030158 0.016935
1 0.094165 0.304643 0.034622 0.021557
1 0.095281 0.328128 0.030158 0.023864
1 0.094161 0.349685 0.036863 0.019249
1 0.095835 0.371239 0.040211 0.017704
1 0.094723 0.395106 0.035738 0.020787
1 0.093902 0.439591 0.028858 0.020527
1 0.097157 0.660291 0.040958 0.023101
1 0.094829 0.748507 0.036301 0.019885
1 0.485294 0.793416 0.029780 0.018607
1 0.485294 0.812023 0.033506 0.018607
0 0.093906 0.417780 0.036301 0.020527
0 0.097162 0.635336 0.035554 0.017820
0 0.093928 0.681893 0.032970 0.014700
0 0.095220 0.703504 0.040721 0.019606
0 0.095220 0.722883 0.038137 0.019152
0 0.094249 0.768998 0.031028 0.023168
