0 0.140861 0.597031 0.030931 0.015969
0 0.140325 0.611884 0.030931 0.015963
0 0.137127 0.626734 0.030931 0.015963
0 0.137663 0.641584 0.030931 0.015963
0 0.139262 0.656434 0.030931 0.015963
0 0.138199 0.671284 0.030931 0.015963
1 0.142513 0.524251 0.034077 0.012636
1 0.548673 0.554740 0.034077 0.012636
1 0.545927 0.376153 0.034086 0.012636
1 0.549631 0.360942 0.034077 0.012636
1 0.550373 0.344954 0.034086 0.012636
1 0.142825 0.343076 0.034086 0.016477
1 0.142456 0.373385 0.034086 0.012630
1 0.138383 0.462080 0.034077 0.012636
1 0.142118 0.417982 0.034077 0.012636
0 0.547469 0.420089 0.030931 0.015969
0 0.549605 0.463529 0.037346 0.015963
0 0.543735 0.479865 0.030931 0.015963
0 0.547996 0.496942 0.030931 0.015963
0 0.548533 0.511422 0.030931 0.015969
0 0.546933 0.527015 0.030931 0.015963
0 0.547469 0.540752 0.030931 0.015963
0 0.547996 0.570086 0.030931 0.015963
0 0.546397 0.584563 0.030931 0.015963
0 0.546397 0.599046 0.030931 0.015963
0 0.544798 0.613523 0.030931 0.015963
0 0.547865 0.629333 0.030931 0.015963
0 0.545202 0.641957 0.030931 0.015963
0 0.543603 0.657177 0.030931 0.015969
0 0.544130 0.673144 0.030931 0.015963
0 0.545202 0.686508 0.030931 0.015963
1 0.142513 0.538110 0.034077 0.012636
0 0.543603 0.701731 0.030931 0.015963
0 0.546265 0.716211 0.030931 0.015969
0 0.546265 0.729578 0.030931 0.015963
0 0.135527 0.728092 0.030931 0.015963
0 0.137663 0.713982 0.030931 0.015963
0 0.139262 0.700988 0.030931 0.015969
0 0.138726 0.686138 0.030931 0.015969
0 0.142179 0.359786 0.030931 0.015963
0 0.140325 0.478966 0.030931 0.015963
0 0.322759 0.419190 0.030931 0.015969
0 0.140861 0.493817 0.030931 0.015963
0 0.140861 0.510153 0.030931 0.015963
0 0.137663 0.555450 0.030931 0.015963
0 0.137663 0.567327 0.030931 0.015963
0 0.139262 0.582924 0.030931 0.015963
