1 0.118857 0.328387 0.029674 0.013300
1 0.117569 0.404465 0.024948 0.014543
1 0.118213 0.453507 0.027955 0.014852
1 0.119506 0.487077 0.028823 0.014536
1 0.119725 0.502701 0.028385 0.014227
1 0.118428 0.517707 0.026667 0.012682
1 0.117784 0.530705 0.030533 0.010210
1 0.123162 0.546480 0.033540 0.013925
1 0.118647 0.562104 0.030541 0.014852
1 0.119936 0.578968 0.033119 0.012064
1 0.531735 0.701335 0.028385 0.012991
1 0.530868 0.714947 0.029244 0.012379
1 0.532595 0.730417 0.026667 0.011761
1 0.531946 0.578501 0.033119 0.015470
1 0.531302 0.545241 0.031830 0.010828
1 0.533664 0.516004 0.035696 0.014234
1 0.531302 0.451650 0.034407 0.016712
0 0.530180 0.593637 0.030962 0.015593
0 0.530438 0.608303 0.029416 0.014481
0 0.530696 0.624082 0.030962 0.015593
0 0.531211 0.640417 0.027869 0.016335
0 0.530696 0.655269 0.029931 0.014852
0 0.531469 0.669747 0.026323 0.013362
0 0.531211 0.684784 0.028900 0.012991
0 0.119888 0.731938 0.026838 0.013739
0 0.118853 0.715785 0.034064 0.012621
0 0.119115 0.700006 0.030447 0.013733
0 0.119373 0.685158 0.027869 0.014481
0 0.120146 0.670491 0.030447 0.015593
0 0.115498 0.654710 0.027354 0.012991
0 0.117822 0.639861 0.030971 0.013739
0 0.118870 0.625009 0.030988 0.012998
0 0.119115 0.608115 0.028385 0.013362
0 0.118600 0.593081 0.029416 0.015222
0 0.119888 0.469815 0.026838 0.013733
0 0.303359 0.405769 0.031478 0.014852
0 0.119618 0.359360 0.028411 0.013368
0 0.121692 0.345250 0.030447 0.012627
0 0.533273 0.329101 0.029931 0.015964
0 0.532242 0.344509 0.027869 0.014852
0 0.531211 0.359917 0.027869 0.015964
0 0.530696 0.404468 0.025808 0.012991
0 0.530696 0.470189 0.029931 0.015964
0 0.531985 0.485967 0.028385 0.014852
0 0.531469 0.501746 0.029416 0.013739
0 0.531985 0.530890 0.029416 0.014845
0 0.531727 0.562451 0.033024 0.014852
