0 0.669448 0.291722 0.018758 0.013739
0 0.669707 0.307688 0.023434 0.015966
0 0.668663 0.359296 0.022399 0.013733
0 0.670229 0.374889 0.019267 0.016704
0 0.670229 0.408118 0.022390 0.017823
0 0.669970 0.425384 0.026048 0.014483
0 0.669707 0.442091 0.025522 0.014477
0 0.669185 0.458429 0.024478 0.016710
0 0.670487 0.473835 0.023960 0.017079
0 0.670751 0.491101 0.024487 0.014477
0 0.669448 0.506322 0.019793 0.015228
0 0.669707 0.525071 0.020311 0.017079
0 0.670751 0.541965 0.020311 0.015959
0 0.669707 0.556445 0.023434 0.013739
0 0.670751 0.574081 0.022399 0.015590
0 0.671790 0.608610 0.021355 0.015597
0 0.670751 0.624200 0.023434 0.014108
0 0.671009 0.641098 0.020828 0.017448
0 0.672053 0.657989 0.025004 0.014108
0 0.673356 0.677854 0.022399 0.020418
0 0.658248 0.774013 0.024487 0.015959
0 0.658248 0.789794 0.025522 0.017079
0 0.658248 0.807798 0.022399 0.015966
1 0.669396 0.592494 0.031769 0.017079
1 0.669918 0.326288 0.023443 0.014852
1 0.671217 0.341325 0.022916 0.012995
1 0.669965 0.391784 0.022399 0.013739
0 0.032131 0.326356 0.023123 0.015148
0 0.030259 0.341950 0.024383 0.016039
0 0.030259 0.359102 0.023123 0.020049
0 0.033382 0.393853 0.020621 0.014705
0 0.030884 0.409225 0.023132 0.011587
0 0.030574 0.441304 0.023753 0.012472
0 0.032131 0.459127 0.019379 0.019606
0 0.032131 0.476055 0.025626 0.015148
0 0.033391 0.491193 0.026920 0.016015
0 0.030574 0.509471 0.021251 0.016039
0 0.032131 0.609714 0.019379 0.015148
0 0.032131 0.626421 0.019379 0.018266
0 0.032131 0.692586 0.025626 0.015148
0 0.032761 0.724440 0.025626 0.014699
0 0.032131 0.749613 0.023123 0.013370
0 0.303719 0.742931 0.018758 0.015148
0 0.305280 0.724662 0.023123 0.011587
0 0.304344 0.708401 0.018749 0.013813
0 0.304029 0.691916 0.025626 0.015590
0 0.304029 0.642017 0.021881 0.012030
0 0.305906 0.675655 0.021872 0.015148
0 0.304344 0.606820 0.021251 0.016482
0 0.305280 0.592119 0.019379 0.014705
0 0.305280 0.575188 0.024383 0.014705
0 0.305595 0.558035 0.021251 0.013364
0 0.303408 0.541996 0.021881 0.011581
0 0.303719 0.524397 0.022502 0.016482
0 0.303719 0.508579 0.026247 0.014256
0 0.302472 0.474496 0.023753 0.017380
0 0.303719 0.458232 0.025004 0.016931
0 0.305280 0.442417 0.021881 0.014699
0 0.303408 0.407220 0.023123 0.014699
0 0.304029 0.391405 0.021881 0.012478
0 0.304970 0.375812 0.018758 0.016039
0 0.303719 0.359105 0.021260 0.019157
0 0.304965 0.324351 0.023753 0.015590
0 0.303404 0.308536 0.020630 0.018708
0 0.303719 0.292048 0.027506 0.016039
0 0.032131 0.309204 0.021881 0.014705
1 0.302153 0.341282 0.026877 0.016488
1 0.304340 0.424822 0.022502 0.016039
1 0.303719 0.492986 0.025004 0.019600
1 0.306842 0.625532 0.022502 0.017374
1 0.305280 0.659391 0.025626 0.018266
1 0.032757 0.708847 0.021872 0.020941
1 0.034008 0.675434 0.023132 0.012921
1 0.033693 0.658502 0.025004 0.016488
1 0.032446 0.642685 0.030000 0.017817
1 0.034948 0.591673 0.023753 0.018266
1 0.032446 0.574742 0.020009 0.014699
1 0.030884 0.558035 0.024374 0.015148
1 0.032446 0.543330 0.023753 0.013364
1 0.030884 0.525732 0.023132 0.014699
1 0.032757 0.424819 0.020630 0.019600
1 0.030557 0.376270 0.028723 0.015172
1 0.028067 0.291830 0.020000 0.014705
