0 0.093990 0.413410 0.024837 0.013708
0 0.094057 0.430752 0.024404 0.015162
0 0.092643 0.449705 0.023342 0.014643
0 0.093018 0.509626 0.023191 0.013396
0 0.092187 0.528994 0.024254 0.013293
0 0.092718 0.547375 0.024686 0.012877
1 0.093876 0.244296 0.026213 0.014082
1 0.092979 0.262989 0.024418 0.013583
1 0.091281 0.492034 0.025884 0.015473
1 0.092727 0.619236 0.022983 0.013956
1 0.093811 0.766181 0.026286 0.013758
1 0.095428 0.783453 0.025639 0.014805
1 0.400788 0.227859 0.022236 0.016869
1 0.401305 0.250829 0.025855 0.016150
1 0.403633 0.313457 0.023786 0.017586
0 0.092120 0.224924 0.024389 0.012878
0 0.092568 0.281470 0.023191 0.014019
0 0.093309 0.299955 0.022608 0.013812
0 0.092419 0.319115 0.024987 0.013085
0 0.094214 0.338483 0.024389 0.012981
0 0.093908 0.357331 0.022907 0.013916
0 0.094214 0.376284 0.023191 0.012773
0 0.094207 0.394457 0.022608 0.013189
0 0.092868 0.566846 0.024089 0.012357
0 0.093014 0.638487 0.023054 0.013459
0 0.092799 0.657329 0.026070 0.014356
0 0.092906 0.675872 0.023270 0.013159
0 0.092906 0.694565 0.023270 0.011366
0 0.093445 0.713407 0.024777 0.012561
0 0.094738 0.802983 0.025639 0.014656
0 0.093230 0.855921 0.025640 0.012561
0 0.094415 0.874016 0.021976 0.014356
0 0.094307 0.892559 0.025209 0.013757
0 0.093302 0.911333 0.024240 0.013811
0 0.401164 0.269662 0.025287 0.014539
0 0.401455 0.291367 0.025003 0.014124
0 0.402286 0.333841 0.023641 0.013293
0 0.403476 0.355078 0.022757 0.014850
0 0.403258 0.375692 0.025884 0.014123
0 0.403999 0.396721 0.024404 0.012150
0 0.403109 0.444440 0.025287 0.013085
0 0.402803 0.463184 0.021710 0.013604
0 0.402136 0.482656 0.023641 0.015369
0 0.401007 0.501764 0.025899 0.014539
0 0.401912 0.520509 0.023191 0.013189
0 0.400857 0.539929 0.024105 0.012981
0 0.400939 0.558725 0.023340 0.013605
0 0.400109 0.576899 0.025600 0.013189
0 0.401164 0.596578 0.023192 0.014331
0 0.401381 0.613765 0.023058 0.013396
0 0.400341 0.633133 0.025436 0.013084
0 0.399892 0.650683 0.025435 0.012046
0 0.401164 0.685421 0.024686 0.013397
0 0.400184 0.706917 0.025750 0.013812
0 0.400566 0.726285 0.023490 0.012670
0 0.401830 0.744147 0.024254 0.013916
0 0.399061 0.793008 0.022608 0.014850
0 0.398471 0.810247 0.026782 0.014435
0 0.400109 0.825928 0.023805 0.013812
0 0.399069 0.842181 0.024987 0.013500
0 0.399361 0.858537 0.023207 0.013605
0 0.399369 0.875931 0.024688 0.014539
0 0.399585 0.891872 0.025152 0.013189
0 0.735324 0.224245 0.022085 0.013334
0 0.735054 0.245181 0.022264 0.012836
0 0.734057 0.267674 0.023539 0.015702
0 0.734246 0.289233 0.027110 0.016200
0 0.733429 0.349673 0.024078 0.013209
0 0.733259 0.364565 0.023340 0.013334
0 0.732801 0.381638 0.021383 0.014581
0 0.732361 0.397527 0.023701 0.012213
0 0.732801 0.415285 0.021744 0.012088
0 0.732720 0.431299 0.025136 0.012960
0 0.731993 0.448620 0.024437 0.011963
0 0.732809 0.466129 0.023162 0.012586
0 0.732711 0.480959 0.020486 0.012337
0 0.732361 0.497284 0.024059 0.012836
0 0.732630 0.562211 0.024598 0.013334
0 0.732890 0.582772 0.023000 0.018569
0 0.732990 0.603957 0.024957 0.014081
0 0.732441 0.621716 0.022102 0.016450
0 0.732541 0.640222 0.022982 0.012088
0 0.732441 0.656360 0.022820 0.011964
0 0.731104 0.673806 0.025855 0.013957
