0 0.588090 0.671173 0.022612 0.029317
0 0.559767 0.672507 0.023995 0.029943
0 0.470199 0.672220 0.024257 0.028182
0 0.442883 0.671936 0.019186 0.028752
0 0.413699 0.673735 0.018919 0.028585
0 0.383850 0.672222 0.022123 0.027804
0 0.355999 0.672887 0.021855 0.027613
1 0.675606 0.065140 0.028651 0.031102
1 0.645777 0.066212 0.025100 0.026673
1 0.616907 0.064394 0.023762 0.029040
1 0.587200 0.064980 0.023028 0.027422
1 0.558993 0.065937 0.025714 0.029890
1 0.528099 0.065801 0.026864 0.030163
1 0.499314 0.065388 0.022260 0.031533
1 0.413156 0.065116 0.028782 0.031533
1 0.384374 0.066076 0.028019 0.029069
1 0.357129 0.064567 0.018036 0.030988
1 0.329493 0.066486 0.029550 0.028247
1 0.327575 0.368808 0.027251 0.030712
1 0.300327 0.368808 0.024946 0.030167
1 0.647445 0.368449 0.025748 0.028170
1 0.644843 0.672285 0.026875 0.031265
1 0.529690 0.672285 0.025766 0.027767
1 0.499818 0.671641 0.025100 0.030008
1 0.298620 0.671871 0.028441 0.031810
0 0.470546 0.065618 0.025851 0.030277
0 0.442869 0.064551 0.020546 0.029703
0 0.296289 0.065407 0.026409 0.030659
0 0.676050 0.367965 0.028139 0.028300
0 0.616411 0.369610 0.026756 0.029614
0 0.587168 0.368951 0.023534 0.029614
0 0.557925 0.369429 0.024912 0.030634
0 0.531676 0.368786 0.019391 0.028625
0 0.501053 0.368770 0.027217 0.029317
0 0.471807 0.367798 0.024912 0.031919
0 0.442100 0.368605 0.028139 0.030305
0 0.414010 0.366153 0.025378 0.035868
0 0.384075 0.369758 0.024451 0.029976
0 0.356907 0.369280 0.022612 0.029614
0 0.676053 0.671848 0.026301 0.030602
0 0.617336 0.671684 0.023073 0.030931
0 0.328150 0.670699 0.022117 0.028947
