1 0.091236 0.265409 0.049146 0.021744
1 0.091021 0.382392 0.048716 0.019433
1 0.090263 0.421412 0.048501 0.018818
1 0.089403 0.519348 0.048501 0.018818
1 0.090803 0.539555 0.050871 0.016965
1 0.090481 0.558369 0.049796 0.019126
1 0.090048 0.617440 0.048931 0.018507
1 0.088971 0.638106 0.049796 0.019126
1 0.561058 0.777552 0.043462 0.022023
1 0.564488 0.481667 0.048117 0.019992
1 0.563558 0.501212 0.044389 0.017325
1 0.564955 0.519757 0.046561 0.016657
1 0.563558 0.540522 0.044389 0.019992
1 0.564239 0.364180 0.047178 0.017321
1 0.563153 0.382837 0.040662 0.017766
1 0.563775 0.402936 0.046250 0.017544
1 0.565325 0.423701 0.049350 0.019098
1 0.564087 0.443023 0.046250 0.017766
1 0.564703 0.285115 0.046250 0.017321
1 0.563586 0.560020 0.044287 0.016601
1 0.563773 0.579164 0.041663 0.019008
1 0.563521 0.598889 0.043908 0.018118
1 0.563148 0.618436 0.042913 0.018830
1 0.563337 0.638207 0.045781 0.018924
0 0.091372 0.285004 0.044440 0.017106
0 0.090925 0.303911 0.041759 0.017778
0 0.091298 0.323778 0.042811 0.017244
0 0.091601 0.343539 0.044310 0.019494
0 0.091448 0.362981 0.040419 0.017244
0 0.090925 0.402608 0.046850 0.017883
0 0.090775 0.441647 0.043258 0.018851
0 0.091075 0.461034 0.043857 0.017997
0 0.090549 0.480526 0.043111 0.018851
0 0.090402 0.500127 0.044910 0.018636
0 0.090775 0.578527 0.045057 0.018422
0 0.090551 0.597912 0.047302 0.018422
0 0.090778 0.658106 0.041465 0.018422
0 0.090551 0.677331 0.044610 0.018102
0 0.090102 0.697788 0.040419 0.020028
0 0.090402 0.716692 0.041312 0.016281
0 0.089652 0.735544 0.041318 0.017993
0 0.090025 0.755144 0.045356 0.016924
0 0.090102 0.775065 0.041312 0.020134
0 0.563727 0.265247 0.042749 0.017867
0 0.564437 0.304575 0.041691 0.018377
0 0.563727 0.324561 0.043473 0.017993
0 0.563988 0.344033 0.041154 0.018636
0 0.562022 0.461635 0.046521 0.018122
0 0.563360 0.658276 0.043846 0.018122
0 0.563456 0.677750 0.046165 0.019021
0 0.562910 0.697928 0.044745 0.017734
0 0.562378 0.717141 0.045447 0.017608
0 0.563360 0.736613 0.043484 0.017993
0 0.562291 0.756471 0.045271 0.018122
