0 0.081605 0.264184 0.044119 0.019190
0 0.080125 0.284429 0.042318 0.018319
0 0.080256 0.303676 0.041545 0.017582
0 0.080517 0.323017 0.045693 0.018137
0 0.080437 0.342987 0.042057 0.018505
0 0.080827 0.363068 0.041278 0.017955
0 0.080648 0.401924 0.042011 0.019020
0 0.080648 0.421203 0.042011 0.017991
0 0.080719 0.441446 0.041438 0.017610
0 0.080676 0.460668 0.042625 0.018202
0 0.080352 0.479868 0.041977 0.017736
0 0.080244 0.500227 0.044352 0.018971
0 0.080568 0.519662 0.042409 0.018352
0 0.080028 0.559145 0.042625 0.018663
0 0.079702 0.578732 0.042835 0.018356
0 0.079594 0.598242 0.043926 0.017586
0 0.079486 0.617752 0.042835 0.018048
0 0.079486 0.637803 0.043710 0.018352
0 0.080028 0.657082 0.043057 0.017736
0 0.079267 0.676438 0.043705 0.018505
0 0.080352 0.696256 0.043273 0.018659
0 0.079486 0.716537 0.040676 0.018202
0 0.079810 0.735352 0.042188 0.017890
0 0.079486 0.754864 0.044142 0.018663
0 0.078403 0.774374 0.042841 0.018510
0 0.554585 0.263643 0.045432 0.019154
0 0.556028 0.284593 0.044352 0.019149
0 0.555940 0.304259 0.043813 0.017866
0 0.555937 0.323471 0.043091 0.017222
0 0.556119 0.362159 0.042011 0.019020
0 0.555486 0.382272 0.043631 0.017610
0 0.555037 0.402001 0.043449 0.019279
0 0.555307 0.422181 0.043636 0.016966
0 0.554585 0.441715 0.043273 0.017995
0 0.555847 0.461893 0.044352 0.017736
0 0.555395 0.481045 0.043812 0.018510
0 0.556568 0.500194 0.044716 0.017481
0 0.554406 0.559253 0.043994 0.019664
0 0.554764 0.579431 0.045074 0.018125
0 0.554585 0.599224 0.045795 0.018894
0 0.554858 0.618503 0.045977 0.017866
0 0.554946 0.638487 0.045438 0.017995
0 0.554767 0.658026 0.044716 0.017995
0 0.555037 0.677497 0.045619 0.017351
0 0.554855 0.697416 0.046335 0.019149
0 0.554676 0.717147 0.043818 0.017995
0 0.553955 0.736873 0.044170 0.019149
0 0.554136 0.756476 0.042011 0.018250
1 0.080091 0.382396 0.043057 0.018813
1 0.079983 0.539326 0.042841 0.018659
1 0.552526 0.776717 0.043869 0.018959
1 0.554426 0.519866 0.046216 0.019247
1 0.554037 0.539668 0.043881 0.017400
1 0.555983 0.342839 0.042057 0.017586
