0 0.062228 0.416289 0.027122 0.024656
0 0.061902 0.447937 0.028407 0.022658
1 0.667894 0.541357 0.025699 0.024252
1 0.668559 0.569343 0.029313 0.026915
0 0.062386 0.329673 0.028073 0.025094
0 0.062705 0.359878 0.027760 0.024206
0 0.062537 0.387971 0.027772 0.026653
0 0.061037 0.475031 0.029821 0.025760
0 0.061506 0.503349 0.028882 0.023762
0 0.060878 0.533332 0.029187 0.023318
0 0.060394 0.563981 0.028886 0.027758
0 0.060085 0.592299 0.028236 0.020433
0 0.061110 0.620504 0.026187 0.025766
0 0.059927 0.650262 0.028553 0.021764
0 0.060634 0.680800 0.026187 0.023762
0 0.059372 0.708785 0.027760 0.023762
0 0.364648 0.335105 0.031411 0.026648
0 0.365211 0.364954 0.028000 0.022385
0 0.365030 0.392538 0.028744 0.026386
0 0.364640 0.421855 0.028760 0.025316
0 0.364268 0.449573 0.028740 0.023722
0 0.363602 0.479690 0.029317 0.024252
0 0.364258 0.508736 0.028378 0.025316
0 0.363697 0.537254 0.029882 0.022123
0 0.364173 0.566036 0.031215 0.023717
0 0.362831 0.595885 0.028191 0.025316
0 0.363602 0.624937 0.031976 0.021053
0 0.363591 0.653719 0.028573 0.022658
0 0.362366 0.682635 0.029504 0.022390
0 0.362451 0.711551 0.028951 0.024252
0 0.668457 0.335979 0.028711 0.021542
0 0.668061 0.364075 0.030455 0.026648
0 0.668142 0.394058 0.031252 0.024428
0 0.668539 0.423264 0.026963 0.019323
0 0.667110 0.452023 0.030772 0.023546
0 0.668378 0.481340 0.029504 0.024434
0 0.668222 0.509212 0.027598 0.025982
0 0.666238 0.597274 0.032833 0.024428
0 0.666951 0.626588 0.030772 0.026653
0 0.667348 0.655683 0.031565 0.023990
0 0.667030 0.684775 0.030931 0.024872
0 0.665207 0.713981 0.031407 0.021986
